{
 "cells": [
  {
   "cell_type": "markdown",
   "metadata": {},
   "source": [
    "<div style=\"width:100%; overflow:hidden; background-color:#F1F1E6; padding: 10px; border-style: outset; color:#17469e\">\n",
    "    <div style=\"width: 80%; float: left;\">\n",
    "    <h2 align=\"center\">Universidad de Sonora</h2>\n",
    "    <hr style=\"border-width: 3px; border-color:#17469e\">\n",
    "          <h1>Reconocimiento de patrones: Preparación de los datos</h1>\n",
    "          <h4>Ramón Soto C. [(rsotoc@moviquest.com)](mailto:rsotoc@moviquest.com/)</h4>\n",
    "          [ver en nbviewer](http://nbviewer.ipython.org/github/rsotoc/pattern-recognition/blob/master/Intro%201.%20Bases%20cognitivas.ipynb)\n",
    "    </div>\n",
    "    <div style=\"margin-left: 620px;\">\n",
    "          ![](images/escudo_unison.png)\n",
    "    </div>\n",
    "</div>"
   ]
  },
  {
   "cell_type": "markdown",
   "metadata": {},
   "source": [
    "## Inspección de los datos\n",
    "\n",
    "En muchos casos, la limpieza de los datos debe hacerse de forma semi-manual (de ahí la cantidad de tiempo que ocupa esa actividad). El análisis estadístico puede ofrecer indicadores de cómo atacar los problemas. \n",
    "\n",
    "El método *describe*() de DataFrame ya arroja alguna información, particularmente la desviación estándar que también podemos obtener con el método *std*():"
   ]
  },
  {
   "cell_type": "code",
   "execution_count": 5,
   "metadata": {
    "collapsed": false
   },
   "outputs": [
    {
     "name": "stdout",
     "output_type": "stream",
     "text": [
      "            emb        gl2h        pad        ept        is2h        imc  \\\n",
      "count  20.00000   20.000000  18.000000  11.000000    9.000000  19.000000   \n",
      "mean    4.50000  129.400000  68.555556  32.363636  258.111111  32.578947   \n",
      "std     3.56149   35.354446  16.346333   8.891262  263.487877   6.509103   \n",
      "min     0.00000   78.000000  30.000000  19.000000   83.000000  23.300000   \n",
      "25%     1.00000  106.000000  64.500000  26.000000   94.000000  27.600000   \n",
      "50%     4.50000  117.000000  71.000000  32.000000  168.000000  30.500000   \n",
      "75%     7.25000  152.500000  74.000000  36.500000  230.000000  36.450000   \n",
      "max    10.00000  197.000000  96.000000  47.000000  846.000000  45.800000   \n",
      "\n",
      "             fpd       edad     class  \n",
      "count  20.000000  20.000000  20.00000  \n",
      "mean    0.511650  37.450000   0.65000  \n",
      "std     0.513691  11.591626   0.48936  \n",
      "min     0.134000  21.000000   0.00000  \n",
      "25%     0.198500  30.750000   0.00000  \n",
      "50%     0.374500  32.000000   1.00000  \n",
      "75%     0.560000  50.250000   1.00000  \n",
      "max     2.288000  59.000000   1.00000   \n",
      "\n",
      " emb        3.561490\n",
      "gl2h      35.354446\n",
      "pad       16.346333\n",
      "ept        8.891262\n",
      "is2h     263.487877\n",
      "imc        6.509103\n",
      "fpd        0.513691\n",
      "edad      11.591626\n",
      "class      0.489360\n",
      "dtype: float64\n"
     ]
    }
   ],
   "source": [
    "print(df.describe(), '\\n\\n',df.std())"
   ]
  },
  {
   "cell_type": "markdown",
   "metadata": {},
   "source": [
    "Una forma de medir el grado de variación conjunta de dos variables aleatorias es a través de la *covarianza*. Mientras mayor es el valor de covarianza mayor es la dependencia entre ambas variables."
   ]
  },
  {
   "cell_type": "code",
   "execution_count": 6,
   "metadata": {
    "collapsed": false
   },
   "outputs": [
    {
     "data": {
      "text/html": [
       "<div>\n",
       "<table border=\"1\" class=\"dataframe\">\n",
       "  <thead>\n",
       "    <tr style=\"text-align: right;\">\n",
       "      <th></th>\n",
       "      <th>emb</th>\n",
       "      <th>gl2h</th>\n",
       "      <th>pad</th>\n",
       "      <th>ept</th>\n",
       "      <th>is2h</th>\n",
       "      <th>imc</th>\n",
       "      <th>fpd</th>\n",
       "      <th>edad</th>\n",
       "      <th>class</th>\n",
       "    </tr>\n",
       "  </thead>\n",
       "  <tbody>\n",
       "    <tr>\n",
       "      <th>emb</th>\n",
       "      <td>12.684211</td>\n",
       "      <td>22.842105</td>\n",
       "      <td>26.202614</td>\n",
       "      <td>-4.563636</td>\n",
       "      <td>-33.694444</td>\n",
       "      <td>-7.676316</td>\n",
       "      <td>-0.072447</td>\n",
       "      <td>7.552632</td>\n",
       "      <td>-0.026316</td>\n",
       "    </tr>\n",
       "    <tr>\n",
       "      <th>gl2h</th>\n",
       "      <td>22.842105</td>\n",
       "      <td>1249.936842</td>\n",
       "      <td>50.450980</td>\n",
       "      <td>14.081818</td>\n",
       "      <td>9152.694444</td>\n",
       "      <td>-34.108187</td>\n",
       "      <td>3.812674</td>\n",
       "      <td>273.705263</td>\n",
       "      <td>7.831579</td>\n",
       "    </tr>\n",
       "    <tr>\n",
       "      <th>pad</th>\n",
       "      <td>26.202614</td>\n",
       "      <td>50.450980</td>\n",
       "      <td>267.202614</td>\n",
       "      <td>3.072727</td>\n",
       "      <td>915.972222</td>\n",
       "      <td>-23.745588</td>\n",
       "      <td>-2.256569</td>\n",
       "      <td>48.457516</td>\n",
       "      <td>0.196078</td>\n",
       "    </tr>\n",
       "    <tr>\n",
       "      <th>ept</th>\n",
       "      <td>-4.563636</td>\n",
       "      <td>14.081818</td>\n",
       "      <td>3.072727</td>\n",
       "      <td>79.054545</td>\n",
       "      <td>-56.055556</td>\n",
       "      <td>42.974545</td>\n",
       "      <td>0.312155</td>\n",
       "      <td>-9.172727</td>\n",
       "      <td>0.709091</td>\n",
       "    </tr>\n",
       "    <tr>\n",
       "      <th>is2h</th>\n",
       "      <td>-33.694444</td>\n",
       "      <td>9152.694444</td>\n",
       "      <td>915.972222</td>\n",
       "      <td>-56.055556</td>\n",
       "      <td>69425.861111</td>\n",
       "      <td>-500.912500</td>\n",
       "      <td>-22.356708</td>\n",
       "      <td>2858.166667</td>\n",
       "      <td>42.402778</td>\n",
       "    </tr>\n",
       "    <tr>\n",
       "      <th>imc</th>\n",
       "      <td>-7.676316</td>\n",
       "      <td>-34.108187</td>\n",
       "      <td>-23.745588</td>\n",
       "      <td>42.974545</td>\n",
       "      <td>-500.912500</td>\n",
       "      <td>42.368421</td>\n",
       "      <td>0.732903</td>\n",
       "      <td>-15.314912</td>\n",
       "      <td>0.247368</td>\n",
       "    </tr>\n",
       "    <tr>\n",
       "      <th>fpd</th>\n",
       "      <td>-0.072447</td>\n",
       "      <td>3.812674</td>\n",
       "      <td>-2.256569</td>\n",
       "      <td>0.312155</td>\n",
       "      <td>-22.356708</td>\n",
       "      <td>0.732903</td>\n",
       "      <td>0.263878</td>\n",
       "      <td>1.038955</td>\n",
       "      <td>0.048082</td>\n",
       "    </tr>\n",
       "    <tr>\n",
       "      <th>edad</th>\n",
       "      <td>7.552632</td>\n",
       "      <td>273.705263</td>\n",
       "      <td>48.457516</td>\n",
       "      <td>-9.172727</td>\n",
       "      <td>2858.166667</td>\n",
       "      <td>-15.314912</td>\n",
       "      <td>1.038955</td>\n",
       "      <td>134.365789</td>\n",
       "      <td>1.639474</td>\n",
       "    </tr>\n",
       "    <tr>\n",
       "      <th>class</th>\n",
       "      <td>-0.026316</td>\n",
       "      <td>7.831579</td>\n",
       "      <td>0.196078</td>\n",
       "      <td>0.709091</td>\n",
       "      <td>42.402778</td>\n",
       "      <td>0.247368</td>\n",
       "      <td>0.048082</td>\n",
       "      <td>1.639474</td>\n",
       "      <td>0.239474</td>\n",
       "    </tr>\n",
       "  </tbody>\n",
       "</table>\n",
       "</div>"
      ],
      "text/plain": [
       "             emb         gl2h         pad        ept          is2h  \\\n",
       "emb    12.684211    22.842105   26.202614  -4.563636    -33.694444   \n",
       "gl2h   22.842105  1249.936842   50.450980  14.081818   9152.694444   \n",
       "pad    26.202614    50.450980  267.202614   3.072727    915.972222   \n",
       "ept    -4.563636    14.081818    3.072727  79.054545    -56.055556   \n",
       "is2h  -33.694444  9152.694444  915.972222 -56.055556  69425.861111   \n",
       "imc    -7.676316   -34.108187  -23.745588  42.974545   -500.912500   \n",
       "fpd    -0.072447     3.812674   -2.256569   0.312155    -22.356708   \n",
       "edad    7.552632   273.705263   48.457516  -9.172727   2858.166667   \n",
       "class  -0.026316     7.831579    0.196078   0.709091     42.402778   \n",
       "\n",
       "              imc        fpd         edad      class  \n",
       "emb     -7.676316  -0.072447     7.552632  -0.026316  \n",
       "gl2h   -34.108187   3.812674   273.705263   7.831579  \n",
       "pad    -23.745588  -2.256569    48.457516   0.196078  \n",
       "ept     42.974545   0.312155    -9.172727   0.709091  \n",
       "is2h  -500.912500 -22.356708  2858.166667  42.402778  \n",
       "imc     42.368421   0.732903   -15.314912   0.247368  \n",
       "fpd      0.732903   0.263878     1.038955   0.048082  \n",
       "edad   -15.314912   1.038955   134.365789   1.639474  \n",
       "class    0.247368   0.048082     1.639474   0.239474  "
      ]
     },
     "execution_count": 6,
     "metadata": {},
     "output_type": "execute_result"
    }
   ],
   "source": [
    "df.cov()"
   ]
  },
  {
   "cell_type": "markdown",
   "metadata": {},
   "source": [
    "Sin embargo, los valores de la covarianza suelen ser difíciles de interpretar. Una media alternativa, normalizada, es la *correlación lineal*:"
   ]
  },
  {
   "cell_type": "code",
   "execution_count": 7,
   "metadata": {
    "collapsed": false
   },
   "outputs": [
    {
     "data": {
      "text/html": [
       "<div>\n",
       "<table border=\"1\" class=\"dataframe\">\n",
       "  <thead>\n",
       "    <tr style=\"text-align: right;\">\n",
       "      <th></th>\n",
       "      <th>emb</th>\n",
       "      <th>gl2h</th>\n",
       "      <th>pad</th>\n",
       "      <th>ept</th>\n",
       "      <th>is2h</th>\n",
       "      <th>imc</th>\n",
       "      <th>fpd</th>\n",
       "      <th>edad</th>\n",
       "      <th>class</th>\n",
       "    </tr>\n",
       "  </thead>\n",
       "  <tbody>\n",
       "    <tr>\n",
       "      <th>emb</th>\n",
       "      <td>1.000000</td>\n",
       "      <td>0.181410</td>\n",
       "      <td>0.466241</td>\n",
       "      <td>-0.260209</td>\n",
       "      <td>-0.080432</td>\n",
       "      <td>-0.331284</td>\n",
       "      <td>-0.039599</td>\n",
       "      <td>0.182946</td>\n",
       "      <td>-0.015099</td>\n",
       "    </tr>\n",
       "    <tr>\n",
       "      <th>gl2h</th>\n",
       "      <td>0.181410</td>\n",
       "      <td>1.000000</td>\n",
       "      <td>0.084704</td>\n",
       "      <td>0.038250</td>\n",
       "      <td>0.809138</td>\n",
       "      <td>-0.144324</td>\n",
       "      <td>0.209934</td>\n",
       "      <td>0.667874</td>\n",
       "      <td>0.452664</td>\n",
       "    </tr>\n",
       "    <tr>\n",
       "      <th>pad</th>\n",
       "      <td>0.466241</td>\n",
       "      <td>0.084704</td>\n",
       "      <td>1.000000</td>\n",
       "      <td>0.021859</td>\n",
       "      <td>0.202591</td>\n",
       "      <td>-0.226915</td>\n",
       "      <td>-0.258156</td>\n",
       "      <td>0.247384</td>\n",
       "      <td>0.024729</td>\n",
       "    </tr>\n",
       "    <tr>\n",
       "      <th>ept</th>\n",
       "      <td>-0.260209</td>\n",
       "      <td>0.038250</td>\n",
       "      <td>0.021859</td>\n",
       "      <td>1.000000</td>\n",
       "      <td>-0.021654</td>\n",
       "      <td>0.682090</td>\n",
       "      <td>0.058374</td>\n",
       "      <td>-0.081671</td>\n",
       "      <td>0.170738</td>\n",
       "    </tr>\n",
       "    <tr>\n",
       "      <th>is2h</th>\n",
       "      <td>-0.080432</td>\n",
       "      <td>0.809138</td>\n",
       "      <td>0.202591</td>\n",
       "      <td>-0.021654</td>\n",
       "      <td>1.000000</td>\n",
       "      <td>-0.255473</td>\n",
       "      <td>-0.127034</td>\n",
       "      <td>0.819404</td>\n",
       "      <td>0.364952</td>\n",
       "    </tr>\n",
       "    <tr>\n",
       "      <th>imc</th>\n",
       "      <td>-0.331284</td>\n",
       "      <td>-0.144324</td>\n",
       "      <td>-0.226915</td>\n",
       "      <td>0.682090</td>\n",
       "      <td>-0.255473</td>\n",
       "      <td>1.000000</td>\n",
       "      <td>0.215118</td>\n",
       "      <td>-0.209764</td>\n",
       "      <td>0.076683</td>\n",
       "    </tr>\n",
       "    <tr>\n",
       "      <th>fpd</th>\n",
       "      <td>-0.039599</td>\n",
       "      <td>0.209934</td>\n",
       "      <td>-0.258156</td>\n",
       "      <td>0.058374</td>\n",
       "      <td>-0.127034</td>\n",
       "      <td>0.215118</td>\n",
       "      <td>1.000000</td>\n",
       "      <td>0.174482</td>\n",
       "      <td>0.191270</td>\n",
       "    </tr>\n",
       "    <tr>\n",
       "      <th>edad</th>\n",
       "      <td>0.182946</td>\n",
       "      <td>0.667874</td>\n",
       "      <td>0.247384</td>\n",
       "      <td>-0.081671</td>\n",
       "      <td>0.819404</td>\n",
       "      <td>-0.209764</td>\n",
       "      <td>0.174482</td>\n",
       "      <td>1.000000</td>\n",
       "      <td>0.289022</td>\n",
       "    </tr>\n",
       "    <tr>\n",
       "      <th>class</th>\n",
       "      <td>-0.015099</td>\n",
       "      <td>0.452664</td>\n",
       "      <td>0.024729</td>\n",
       "      <td>0.170738</td>\n",
       "      <td>0.364952</td>\n",
       "      <td>0.076683</td>\n",
       "      <td>0.191270</td>\n",
       "      <td>0.289022</td>\n",
       "      <td>1.000000</td>\n",
       "    </tr>\n",
       "  </tbody>\n",
       "</table>\n",
       "</div>"
      ],
      "text/plain": [
       "            emb      gl2h       pad       ept      is2h       imc       fpd  \\\n",
       "emb    1.000000  0.181410  0.466241 -0.260209 -0.080432 -0.331284 -0.039599   \n",
       "gl2h   0.181410  1.000000  0.084704  0.038250  0.809138 -0.144324  0.209934   \n",
       "pad    0.466241  0.084704  1.000000  0.021859  0.202591 -0.226915 -0.258156   \n",
       "ept   -0.260209  0.038250  0.021859  1.000000 -0.021654  0.682090  0.058374   \n",
       "is2h  -0.080432  0.809138  0.202591 -0.021654  1.000000 -0.255473 -0.127034   \n",
       "imc   -0.331284 -0.144324 -0.226915  0.682090 -0.255473  1.000000  0.215118   \n",
       "fpd   -0.039599  0.209934 -0.258156  0.058374 -0.127034  0.215118  1.000000   \n",
       "edad   0.182946  0.667874  0.247384 -0.081671  0.819404 -0.209764  0.174482   \n",
       "class -0.015099  0.452664  0.024729  0.170738  0.364952  0.076683  0.191270   \n",
       "\n",
       "           edad     class  \n",
       "emb    0.182946 -0.015099  \n",
       "gl2h   0.667874  0.452664  \n",
       "pad    0.247384  0.024729  \n",
       "ept   -0.081671  0.170738  \n",
       "is2h   0.819404  0.364952  \n",
       "imc   -0.209764  0.076683  \n",
       "fpd    0.174482  0.191270  \n",
       "edad   1.000000  0.289022  \n",
       "class  0.289022  1.000000  "
      ]
     },
     "execution_count": 7,
     "metadata": {},
     "output_type": "execute_result"
    }
   ],
   "source": [
    "df.corr()"
   ]
  },
  {
   "cell_type": "markdown",
   "metadata": {},
   "source": [
    "La correlación entre variables ofrece una validación de los posibles valores atípicos o su clasificación como valores inconsistentes: Si dos variables tienen un alto valor de correlación, un valor \"extraño\" en una variable, acompañado de un valor \"extraño\" de otra variable en el mismo registro, pudiera indicar que son valores válidos, pero atípicos."
   ]
  },
  {
   "cell_type": "markdown",
   "metadata": {},
   "source": [
    "\n",
    "<hr style=\"border-width: 3px;\">\n",
    "\n",
    "\n",
    "### Tarea 3\n",
    "\n",
    "* Analice los problemas de valores atípicos en el conjunto de datos *Pima Indians Diabetes* completo.\n",
    "\n",
    "* Analice los problemas de valores faltantes y valores atípicos en los datos del ejemplo 2 (Rendimiento de combustible) y del ejemplo 3 (Taxonomís de flores).\n",
    "\n",
    "\n",
    "**Fecha de entrega**: Martes 12 de septiembre."
   ]
  }
 ],
 "metadata": {
  "celltoolbar": "Raw Cell Format",
  "kernelspec": {
   "display_name": "Python 3",
   "language": "python",
   "name": "python3"
  },
  "language_info": {
   "codemirror_mode": {
    "name": "ipython",
    "version": 3
   },
   "file_extension": ".py",
   "mimetype": "text/x-python",
   "name": "python",
   "nbconvert_exporter": "python",
   "pygments_lexer": "ipython3",
   "version": "3.6.0"
  }
 },
 "nbformat": 4,
 "nbformat_minor": 0
}
